10 0.19583333333333333 0.140625 0.21041666666666667 0.2609375
10 0.2916666666666667 0.7 0.15625 0.2703125
10 0.7416666666666667 0.2953125 0.18958333333333333 0.1796875
3 0.74375 0.1234375 0.35 0.246875
6 0.425 0.1859375 0.25 0.1765625
11 0.5625 0.196875 0.2 0.140625
8 0.41458333333333336 0.315625 0.29791666666666666 0.128125
4 0.5979166666666667 0.484375 0.3625 0.2328125
7 0.19375 0.4375 0.3875 0.3296875
12 0.48333333333333334 0.70625 0.15625 0.2921875
9 0.45625 0.89375 0.19583333333333333 0.128125
2 0.675 0.8234375 0.31666666666666665 0.3515625