3 0.4895833333333333 0.2671875 0.3375 0.16875
10 0.05625 0.23359375 0.1125 0.1828125
10 0.16354166666666667 0.72421875 0.32708333333333334 0.1515625
10 0.7833333333333333 0.6296875 0.24583333333333332 0.2640625
12 0.51875 0.709375 0.39166666666666666 0.203125
2 0.1625 0.3984375 0.325 0.428125
7 0.4708333333333333 0.4890625 0.39166666666666666 0.328125
4 0.8833333333333333 0.3265625 0.23333333333333334 0.253125
8 0.9385416666666667 0.71328125 0.12291666666666666 0.2328125
9 0.725 0.359375 0.16041666666666668 0.1390625
6 0.8645833333333334 0.4625 0.25625 0.18125