4 0.18125 0.22265625 0.3625 0.1953125
6 0.17083333333333334 0.4125 0.2375 0.178125
11 0.03854166666666667 0.4890625 0.07708333333333334 0.1375
8 0.06145833333333333 0.55546875 0.12291666666666666 0.2171875
9 0.2916666666666667 0.3484375 0.16875 0.1484375
3 0.5270833333333333 0.3109375 0.38333333333333336 0.215625
2 0.7375 0.540625 0.31666666666666665 0.4890625
10 0.9302083333333333 0.46875 0.13958333333333334 0.271875
10 0.6770833333333334 0.83125 0.3458333333333333 0.0875
10 0.17916666666666667 0.5453125 0.28125 0.1875
12 0.26875 0.75625 0.3333333333333333 0.2359375
7 0.42916666666666664 0.5453125 0.39166666666666666 0.34375