9 0.28125 0.8984375 0.125 0.115625
0 0.6833333333333333 0.865625 0.4125 0.1484375
6 0.7625 0.7796875 0.24791666666666667 0.115625
12 0.7416666666666667 0.6484375 0.36666666666666664 0.203125
10 0.76875 0.4859375 0.20416666666666666 0.3421875
11 0.8875 0.2921875 0.225 0.1765625
3 0.6916666666666667 0.13125 0.375 0.18125
8 0.09791666666666667 0.23125 0.19583333333333333 0.259375
1 0.24375 0.2734375 0.175 0.4828125
4 0.5020833333333333 0.3265625 0.38125 0.221875
2 0.2520833333333333 0.64375 0.5041666666666667 0.3140625
5 0.45208333333333334 0.778125 0.4625 0.165625