6 0.16666666666666666 0.2125 0.24583333333333332 0.1765625
0 0.32708333333333334 0.2234375 0.15625 0.2265625
4 0.5395833333333333 0.1703125 0.25416666666666665 0.2203125
10 0.7520833333333333 0.1796875 0.1875 0.1875
5 0.8166666666666667 0.41875 0.3541666666666667 0.3734375
2 0.24375 0.49375 0.24166666666666667 0.4203125
1 0.09375 0.646875 0.14166666666666666 0.4640625
11 0.29375 0.7765625 0.23125 0.2140625
9 0.65625 0.853125 0.1875 0.165625
3 0.7458333333333333 0.7265625 0.4125 0.221875
12 0.5770833333333333 0.6140625 0.42916666666666664 0.146875