11 0.8895833333333333 0.3015625 0.22083333333333333 0.153125
10 0.90625 0.66484375 0.1875 0.2203125
10 0.68125 0.6765625 0.2791666666666667 0.1671875
10 0.153125 0.3359375 0.30625 0.25
9 0.071875 0.21796875 0.14375 0.1859375
12 0.6708333333333333 0.340625 0.39375 0.3375
2 0.4395833333333333 0.6359375 0.54375 0.4515625
8 0.38958333333333334 0.309375 0.20416666666666666 0.2796875
6 0.25833333333333336 0.4484375 0.26458333333333334 0.2171875
7 0.052083333333333336 0.6890625 0.10416666666666667 0.284375
3 0.09166666666666666 0.725 0.15416666666666667 0.3