11 0.29791666666666666 0.0875 0.25625 0.1734375
4 0.22916666666666666 0.3109375 0.4 0.275
2 0.68125 0.2296875 0.375 0.4265625
6 0.8833333333333333 0.134375 0.23333333333333334 0.1796875
8 0.24375 0.5359375 0.3229166666666667 0.19375
3 0.38125 0.703125 0.33958333333333335 0.1546875
12 0.375 0.8234375 0.3875 0.121875
10 0.7229166666666667 0.8 0.29791666666666666 0.153125
10 0.2791666666666667 0.9453125 0.41875 0.1078125
10 0.41041666666666665 0.4203125 0.21458333333333332 0.1734375
9 0.78125 0.884375 0.19791666666666666 0.153125
7 0.7333333333333333 0.578125 0.5333333333333333 0.3421875