0 0.9354166666666667 0.66796875 0.12916666666666668 0.3015625
6 0.9375 0.41953125 0.125 0.1984375
11 0.8083333333333333 0.3671875 0.27708333333333335 0.1765625
2 0.8333333333333334 0.67421875 0.3333333333333333 0.3984375
1 0.6895833333333333 0.6171875 0.1875 0.3015625
1 0.49583333333333335 0.584375 0.14375 0.4265625
12 0.325 0.3140625 0.4354166666666667 0.134375
9 0.41458333333333336 0.4296875 0.15833333333333333 0.1265625
5 0.24375 0.6828125 0.39166666666666666 0.346875
3 0.25416666666666665 0.5015625 0.2875 0.2609375
8 0.042708333333333334 0.56640625 0.08541666666666667 0.2484375
4 0.07916666666666666 0.43203125 0.15833333333333333 0.3078125