4 0.8083333333333333 0.184375 0.38125 0.2140625
7 0.7979166666666667 0.4609375 0.40208333333333335 0.35625
12 0.5104166666666666 0.734375 0.17083333333333334 0.3109375
9 0.5645833333333333 0.9328125 0.19791666666666666 0.134375
10 0.6979166666666666 0.740625 0.16458333333333333 0.2875
10 0.16666666666666666 0.603125 0.18958333333333333 0.278125
10 0.20416666666666666 0.3140625 0.20416666666666666 0.1765625
2 0.325 0.1265625 0.5666666666666667 0.253125
8 0.5354166666666667 0.434375 0.29375 0.121875
6 0.5479166666666667 0.2890625 0.2625 0.1890625
11 0.425 0.228125 0.225 0.140625