3 0.33125 0.134375 0.26666666666666666 0.1328125
11 0.14791666666666667 0.228125 0.2125 0.103125
4 0.46875 0.2140625 0.3104166666666667 0.1515625
1 0.6895833333333333 0.2328125 0.18958333333333333 0.284375
8 0.7791666666666667 0.1796875 0.19375 0.184375
10 0.22291666666666668 0.3640625 0.22291666666666668 0.23125
12 0.2375 0.484375 0.38333333333333336 0.190625
6 0.20208333333333334 0.5921875 0.2833333333333333 0.1859375
0 0.28541666666666665 0.759375 0.4895833333333333 0.1875
9 0.78125 0.78125 0.1625 0.1421875
5 0.5395833333333333 0.646875 0.5333333333333333 0.2109375
2 0.7333333333333333 0.465625 0.49375 0.3125