2 0.4 0.23125 0.5 0.2125
0 0.375 0.14375 0.35833333333333334 0.115625
6 0.7270833333333333 0.1578125 0.21458333333333332 0.16875
10 0.46041666666666664 0.334375 0.45416666666666666 0.121875
11 0.78125 0.2796875 0.21041666666666667 0.153125
12 0.8916666666666667 0.5265625 0.17708333333333334 0.2890625
1 0.48333333333333334 0.45 0.61875 0.0953125
9 0.7208333333333333 0.48125 0.16666666666666666 0.1
3 0.6395833333333333 0.578125 0.36041666666666666 0.1859375
8 0.5333333333333333 0.85625 0.35625 0.175
5 0.31666666666666665 0.6265625 0.55625 0.28125
7 0.1875 0.8140625 0.375 0.278125
4 0.7604166666666666 0.7328125 0.38333333333333336 0.2015625