3 0.18958333333333333 0.5078125 0.225 0.253125
10 0.14583333333333334 0.8734375 0.24375 0.1671875
10 0.8 0.75625 0.20208333333333334 0.2546875
10 0.6729166666666667 0.2875 0.35208333333333336 0.184375
12 0.7791666666666667 0.4859375 0.2708333333333333 0.29375
2 0.3645833333333333 0.7640625 0.5708333333333333 0.265625
7 0.48541666666666666 0.521875 0.4375 0.29375
4 0.26875 0.1546875 0.3375 0.2890625
11 0.7458333333333333 0.059375 0.24791666666666667 0.1171875
8 0.7854166666666667 0.1515625 0.3104166666666667 0.1296875
9 0.3125 0.33125 0.18541666666666667 0.1203125
6 0.45 0.2265625 0.24166666666666667 0.1921875