2 0.6 0.76875 0.5 0.2125
0 0.625 0.85625 0.35833333333333334 0.115625
6 0.27291666666666664 0.8421875 0.21458333333333332 0.16875
10 0.5395833333333333 0.665625 0.45416666666666666 0.121875
11 0.21875 0.7203125 0.21041666666666667 0.153125
12 0.10833333333333334 0.4734375 0.17708333333333334 0.2890625
1 0.5166666666666667 0.55 0.61875 0.0953125
9 0.2791666666666667 0.51875 0.16666666666666666 0.1
3 0.36041666666666666 0.421875 0.36041666666666666 0.1859375
8 0.4666666666666667 0.14375 0.35625 0.175
5 0.6833333333333333 0.3734375 0.55625 0.28125
7 0.8125 0.1859375 0.375 0.278125
4 0.23958333333333334 0.2671875 0.38333333333333336 0.2015625